WORD	コンピュータ	兄弟	緑	赤い	電話	青い	黒い
コンピュータ	1.000000000000000	0.422828586551858	0.291675487489052	0.311044049698557	0.383650389863822	0.125129332678155	0.267959965305886
兄弟	0.422828586551858	0.999999999999999	0.464826869886610	0.380949604645179	0.461330686531406	0.222911285030141	0.485436752510672
緑	0.291675487489052	0.464826869886610	1.000000000000001	0.389526599473681	0.496239262850644	0.359295143552495	0.509199866379863
赤い	0.311044049698557	0.380949604645179	0.389526599473681	1.000000000000001	0.592781737256180	0.306219331590259	0.601111210856575
電話	0.383650389863822	0.461330686531406	0.496239262850644	0.592781737256180	0.999999999999998	0.513226897309815	0.669465239828684
青い	0.125129332678155	0.222911285030141	0.359295143552495	0.306219331590259	0.513226897309815	0.999999999999999	0.597437429278604
黒い	0.267959965305886	0.485436752510672	0.509199866379863	0.601111210856575	0.669465239828684	0.597437429278604	1.000000000000000
