WORD	コンピュータ	兄弟	緑	赤い	電話	青い	黒い
コンピュータ	1.000000	0.422829	0.291675	0.311044	0.383650	0.125129	0.267960
兄弟	0.422829	1.000000	0.464827	0.380950	0.461331	0.222911	0.485437
緑	0.291675	0.464827	1.000000	0.389527	0.496239	0.359295	0.509200
赤い	0.311044	0.380950	0.389527	1.000000	0.592782	0.306219	0.601111
電話	0.383650	0.461331	0.496239	0.592782	1.000000	0.513227	0.669465
青い	0.125129	0.222911	0.359295	0.306219	0.513227	1.000000	0.597437
黒い	0.267960	0.485437	0.509200	0.601111	0.669465	0.597437	1.000000
